
*************** test4 ***************
Final board:
      Hits: 200
    Misses: 689
Duplicates: 2847
Boats Sunk:  50
  -1  -1  -1  -1  -1  -1  -1  -1  -1  -1  -1  -1  -1  -1  -1 136 136 136 136  -1  -1  -1 118  -1  -1  -1  -1  -1  -1  -1
  -1  -1  -1  -1  -1  -1  -1  -1  -1  -1  -1  -1  -1  -1  -1  -1  -1  -1  -1  -1  -1  -1 118  -1  -1 139  -1   0  -1  -1
  -1  -1  -1  -1  -1  -1  -1  -1  -1  -1  -1 130  -1  -1  -1  -1  -1  -1  -1  -1  -1  -1 118  -1  -1 139  -1  -1  -1  -1
  -1  -1  -1  -1 112 112 112 112  -1  -1 123 130  -1 128 128 128 128  -1  -1  -1  -1  -1 118  -1  -1 139  -1  -1  -1  -1
  -1  -1  -1  -1  -1  -1 104 104 104 104 123 130  -1  -1 129  -1  -1  -1 106  -1  -1  -1  -1  -1  -1 139  -1 124  -1  -1
  -1  -1  -1  -1  -1  -1  -1  -1  -1  -1 123 130  -1  -1 129  -1  -1  -1 106  -1  -1  -1 132  -1  -1  -1  -1 124  -1  -1
  -1  -1  -1  -1  -1  -1  -1  -1  -1  -1 123  -1  -1  -1 129  -1  -1 145 106  -1  -1  -1 132  -1  -1  -1   0 124  -1  -1
  -1  -1  -1  -1  -1  -1  -1  -1  -1  -1  -1 102  -1  -1 129  -1  -1 145 106  -1  -1  -1 132  -1  -1  -1  -1 124  -1  -1
  -1  -1  -1  -1  -1  -1  -1  -1  -1  -1  -1 102  -1 138  -1  -1  -1 145  -1  -1  -1  -1 132  -1  -1  -1  -1  -1   0  -1
  -1   0  -1  -1  -1  -1  -1  -1  -1  -1  -1 102  -1 138  -1 108  -1 145  -1 114 114 114 114  -1  -1  -1  -1  -1  -1  -1
  -1  -1  -1   0  -1  -1  -1  -1  -1  -1  -1 102  -1 138  -1 108  -1  -1 134  -1 110  -1  -1  -1  -1  -1 149 149 149 149
  -1  -1  -1  -1  -1  -1  -1  -1  -1  -1  -1  -1  -1 138  -1 108  -1  -1 134  -1 110  -1  -1  -1  -1  -1  -1  -1  -1  -1
  -1  -1  -1  -1  -1  -1  -1  -1  -1  -1  -1  -1  -1  -1  -1 108  -1  -1 134  -1 110  -1  -1  -1  -1  -1  -1 125  -1  -1
  -1  -1  -1  -1  -1  -1  -1  -1  -1  -1  -1  -1  -1  -1  -1  -1  -1  -1 134  -1 110  -1  -1  -1  -1  -1  -1 125  -1  -1
 135  -1  -1  -1  -1   0  -1  -1  -1  -1 119 119 119 119  -1  -1  -1  -1  -1  -1  -1  -1  -1  -1  -1  -1  -1 125  -1  -1
 135  -1  -1  -1  -1 142 142 142 142  -1  -1  -1  -1  -1  -1  -1  -1  -1  -1  -1  -1  -1  -1  -1  -1  -1 127 125  -1  -1
 135  -1  -1  -1  -1  -1  -1  -1  -1  -1  -1  -1  -1  -1  -1  -1  -1  -1 113 113 113 113   0  -1  -1  -1 127  -1  -1  -1
 135 122 122 122 122  -1  -1  -1  -1  -1  -1  -1 105 105 105 105  -1  -1  -1  -1  -1  -1  -1  -1  -1  -1 127  -1  -1  -1
  -1  -1  -1  -1  -1  -1  -1  -1 126 126 126 126  -1  -1  -1  -1  -1  -1   0  -1  -1  -1  -1  -1  -1  -1 127  -1  -1  -1
  -1  -1  -1  -1  -1  -1  -1  -1  -1  -1  -1  -1  -1  -1 121 121 121 121 107 107 107 107  -1 143  -1  -1  -1   0  -1  -1
  -1  -1  -1  -1  -1 148 148 148 148  -1  -1  -1  -1  -1  -1  -1  -1  -1  -1  -1  -1  -1  -1 143  -1  -1  -1  -1  -1  -1
  -1  -1  -1  -1  -1 101 101 101 101  -1  -1  -1  -1  -1  -1  -1  -1  -1  -1  -1  -1  -1  -1 143  -1  -1  -1  -1   0  -1
  -1  -1  -1  -1 147 147 147 147  -1  -1  -1  -1  -1  -1  -1  -1  -1  -1  -1  -1  -1  -1  -1 143  -1   0  -1  -1  -1  -1
 117 117 117 117  -1  -1  -1 140 140 140 140  -1  -1  -1  -1  -1  -1  -1  -1  -1  -1  -1  -1  -1  -1  -1  -1  -1  -1  -1
  -1  -1  -1  -1  -1  -1  -1  -1 116  -1  -1  -1  -1  -1 150 150 150 150  -1  -1  -1  -1  -1  -1  -1  -1  -1  -1  -1  -1
 144 144 144 144  -1  -1  -1  -1 116  -1  -1 137 137 137 137  -1  -1 141  -1  -1  -1  -1  -1  -1 109 109 109 109  -1  -1
  -1  -1  -1 131  -1  -1  -1  -1 116  -1 111 111 111 111  -1  -1  -1 141  -1  -1  -1  -1  -1  -1  -1  -1  -1  -1  -1  -1
  -1  -1  -1 131  -1  -1  -1  -1 116  -1  -1  -1 146 146 146 146  -1 141  -1 133 133 133 133  -1  -1  -1  -1  -1  -1  -1
  -1  -1  -1 131 115 115 115 115  -1  -1  -1  -1  -1  -1  -1  -1  -1 141  -1  -1  -1  -1  -1  -1  -1 120 120 120 120  -1
  -1  -1  -1 131  -1 103 103 103 103  -1  -1  -1  -1  -1  -1  -1  -1  -1  -1  -1  -1  -1  -1  -1  -1  -1  -1  -1  -1  -1

