
*************** test3 ***************
      Hits:  20
    Misses:  72
Duplicates: 177
Boats Sunk:   5
  -1  -1  -1  -1  -1  -1  -1   0  -1  -1
  -1  -1  -1  -1  -1 102   0  -1  -1  -1
  -1  -1  -1  -1  -1 102  -1  -1  -1   0
  -1 101 101 101 101 102  -1  -1   0  -1
  -1  -1  -1  -1  -1 102  -1  -1  -1   0
 103 103 103 103  -1  -1  -1  -1  -1  -1
  -1   0  -1  -1  -1  -1  -1  -1  -1 105
   0  -1  -1  -1  -1  -1  -1  -1  -1 105
  -1  -1  -1 104 104 104 104  -1  -1 105
   0  -1  -1  -1  -1  -1  -1  -1  -1 105
