
*************** test5 ***************
Final board:
      Hits:  20
    Misses: 112
Duplicates: 394
Boats Sunk:   5
  -1  -1  -1  -1  -1  -1  -1  -1  -1  -1  -1  -1  -1  -1  -1
  -1  -1  -1  -1  -1  -1  -1  -1  -1  -1  -1  -1  -1  -1  -1
  -1  -1   0  -1  -1 102 102 102 102  -1  -1  -1  -1  -1  -1
  -1  -1  -1  -1  -1  -1  -1  -1  -1  -1  -1  -1  -1  -1  -1
  -1  -1  -1  -1  -1  -1 103 103 103 103  -1 104 104 104 104
  -1  -1  -1  -1  -1   0  -1  -1  -1  -1  -1  -1  -1  -1   0
  -1  -1  -1  -1  -1 101 101 101 101  -1  -1  -1  -1  -1  -1
  -1  -1  -1 105 105 105 105  -1  -1  -1  -1  -1  -1  -1  -1
  -1  -1  -1  -1  -1  -1  -1  -1  -1  -1  -1  -1  -1  -1  -1

